42802c42802
< -141808
---
> -138232
42893c42893
< -86357
---
> -93710
42895c42895
< -202364
---
> -213292
42913a42914
> 2 1.1903 10 -25.3385
42929d42929
< 2 1.2245 10 -14.1829
42964a42965
> 5 1.2142 25 -31.8971
42980d42980
< 5 1.2069 25 10.8831
42985c42985
< -109896
---
> -106320
43075c43075
< -131887
---
> -128311
43236,43239c43236,43239
< [-220001, 92687]
< [-85122, -308244]
< [-220001, -308244]
< [-85122, -308244]
---
> [-220001, 59903]
> [-85122, -318971]
> [-220001, -318971]
> [-85122, -318971]
204641c204641
< 62515
---
> 71109
204731,204732c204731,204732
< -6751
< 103214
---
> -6752
> 106079
204786a204787
> 4 -0.4827 20 -9.9805
204802d204802
< 4 -0.4647 20 18.9100
204821,204824c204821,204824
< -6752
< 129475
< -6752
< 19401
---
> 80688
> 153249
> 25894
> 153249
204843,204849d204842
< 2 -0.4827 10 -7.9283
< 2 -0.4593 10 -5.9215
< 2 -0.4783 10 -4.6396
< 2 -0.4406 10 -4.0631
< 2 -0.4496 10 -2.9137
< 2 -0.4715 10 -2.2005
< 2 -0.4511 10 -1.8798
204858a204852,204858
> 2 -0.4583 10 3.1115
> 2 -0.4946 10 4.6051
> 2 -0.4417 10 4.7727
> 2 -0.4872 10 5.8714
> 2 -0.4382 10 7.7083
> 2 -0.4792 10 7.8603
> 2 -0.4821 10 9.9673
204860,204863d204859
< 3 -0.4479 15 -15.1355
< 3 -0.4582 15 -13.1057
< 3 -0.4538 15 -12.6910
< 3 -0.4741 15 -12.4331
204875a204872,204875
> 3 -0.4514 15 -2.8110
> 3 -0.4930 15 -2.3750
> 3 -0.4663 15 -0.3433
> 3 -0.4394 15 2.3705
204876a204877,204883
> 4 -0.4880 20 -34.6196
> 4 -0.4724 20 -33.1290
> 4 -0.4880 20 -32.9391
> 4 -0.4506 20 -30.8141
> 4 -0.4402 20 -29.5243
> 4 -0.4736 20 -26.5786
> 4 -0.4664 20 -26.1741
204886,204892d204892
< 4 -0.4964 20 -3.8901
< 4 -0.4535 20 -2.7401
< 4 -0.4838 20 6.3203
< 4 -0.4649 20 6.3315
< 4 -0.4539 20 6.8125
< 4 -0.4368 20 8.7070
< 4 -0.4753 20 8.8445
204893a204894,204900
> 5 -0.4858 25 -35.6524
> 5 -0.4480 25 -35.3600
> 5 -0.4688 25 -34.7541
> 5 -0.4627 25 -33.8202
> 5 -0.4471 25 -31.3296
> 5 -0.4534 25 -30.7748
> 5 -0.4769 25 -29.7933
204903,204909d204909
< 5 -0.4833 25 -11.7984
< 5 -0.4543 25 -11.2236
< 5 -0.4507 25 -10.1555
< 5 -0.4635 25 -9.7709
< 5 -0.4916 25 -9.7097
< 5 -0.4606 25 -7.2447
< 5 -0.4440 25 -6.4249
204911,204914c204911,204914
< 72172
< 143612
< 14514
< 143612
---
> -6752
> 129475
> -6752
> 27995
204916,204918d204915
< 1 -0.4730 5 -1.9270
< 1 -0.4666 5 -0.8220
< 1 -0.4716 5 -0.7128
204931a204929,204931
> 1 -0.4802 5 14.3933
> 1 -0.4671 5 14.7441
> 1 -0.4596 5 15.3249
204932a204933,204938
> 2 -0.4827 10 -7.9283
> 2 -0.4593 10 -5.9215
> 2 -0.4783 10 -4.6396
> 2 -0.4406 10 -4.0631
> 2 -0.4496 10 -2.9137
> 2 -0.4715 10 -2.2005
204943,204948d204948
< 2 -0.4583 10 3.1115
< 2 -0.4946 10 4.6051
< 2 -0.4417 10 4.7727
< 2 -0.4872 10 5.8714
< 2 -0.4382 10 7.7083
< 2 -0.4792 10 7.8603
204949a204950,204953
> 3 -0.4479 15 -15.1355
> 3 -0.4582 15 -13.1057
> 3 -0.4538 15 -12.6910
> 3 -0.4741 15 -12.4331
204962,204965d204965
< 3 -0.4514 15 -2.8110
< 3 -0.4930 15 -2.3750
< 3 -0.4663 15 -0.3433
< 3 -0.4394 15 2.3705
204967,204973d204966
< 4 -0.4880 20 -34.6196
< 4 -0.4724 20 -33.1290
< 4 -0.4880 20 -32.9391
< 4 -0.4506 20 -30.8141
< 4 -0.4402 20 -29.5243
< 4 -0.4736 20 -26.5786
< 4 -0.4664 20 -26.1741
204982a204976,204982
> 4 -0.4964 20 -3.8901
> 4 -0.4535 20 -2.7401
> 4 -0.4838 20 6.3203
> 4 -0.4649 20 6.3315
> 4 -0.4539 20 6.8125
> 4 -0.4368 20 8.7070
> 4 -0.4753 20 8.8445
204984,204989d204983
< 5 -0.4480 25 -35.3600
< 5 -0.4688 25 -34.7541
< 5 -0.4627 25 -33.8202
< 5 -0.4471 25 -31.3296
< 5 -0.4534 25 -30.7748
< 5 -0.4769 25 -29.7933
204999a204994,204999
> 5 -0.4543 25 -11.2236
> 5 -0.4507 25 -10.1555
> 5 -0.4635 25 -9.7709
> 5 -0.4916 25 -9.7097
> 5 -0.4606 25 -7.2447
> 5 -0.4440 25 -6.4249
206281,206283c206281,206288
< [153249, -118735]
< [-6752, -118735]
< [153249, -118735]
---
> [153249, -127329]
> [-6752, -127329]
> [153249, -127329]
> 
> [-6752, -127329]
> [153249, -127329]
> [-6752, -127329]
> [153249, -356524]
206289,206293d206293
< 
< [-19270, -117984]
< [143612, -117984]
< [-19270, -117984]
< [143612, -353600]
