Patch 
Superpoint 
1 0.0703622 5 8.53025
1 0.0950458 5 9.19212
1 0.0805073 5 9.26997
1 0.065604 5 10.4736
1 0.0499273 5 10.4851
1 0.0812834 5 10.7296
1 0.0912428 5 11.5102
1 0.101121 5 12.0575
1 0.0766526 5 13.7399
1 0.0582628 5 13.7722
1 0.0840595 5 15.465
1 0.0764831 5 18.2437
1 0.0442892 5 20.3723
1 0.0841468 5 20.4445
1 0.0774627 5 21.2259
1 0.0830226 5 22.0001
Superpoint 
2 0.0516662 10 11.7754
2 0.0878483 10 13.1591
2 0.0845516 10 13.8506
2 0.0883824 10 14.8921
2 0.0843388 10 17.007
2 0.0905121 10 17.5543
2 0.0778209 10 18.246
2 0.0503383 10 19.7911
2 0.0436018 10 22.7665
2 0.0432167 10 24.1834
2 0.0797264 10 26.1913
2 0.0620858 10 26.2814
2 0.0451537 10 26.5318
2 0.0975395 10 26.7786
2 0.103467 10 28.423
2 0.047648 10 29.0001
Superpoint 
3 0.0672488 15 10.8864
3 0.0561511 15 10.9086
3 0.0466215 15 15.1803
3 0.0863077 15 15.4851
3 0.100743 15 17.6615
3 0.044534 15 18.0327
3 0.0843626 15 21.1077
3 0.089706 15 23.3828
3 0.0951801 15 24.0651
3 0.0938045 15 25.6508
3 0.0778558 15 29.3073
3 0.0784846 15 31.7882
3 0.096842 15 32.2406
3 0.0744216 15 33.3632
3 0.071134 15 34.2299
3 0.0986117 15 36.0001
Superpoint 
4 0.0458076 20 4.07405
4 0.0662548 20 11.4942
4 0.0712828 20 15.812
4 0.0666192 20 16.9261
4 0.0472097 20 22.1618
4 0.0525234 20 26.5931
4 0.0655142 20 27.2632
4 0.065487 20 29.3199
4 0.0734202 20 30.8485
4 0.0839039 20 33.2158
4 0.0718384 20 33.9567
4 0.0807826 20 36.8544
4 0.100445 20 38.8594
4 0.0812115 20 40.6768
4 0.0966706 20 40.8736
4 0.0861055 20 43.0001
Superpoint 
5 0.0713411 25 -14.9496
5 0.0477915 25 -13.9397
5 0.0560477 25 -7.89375
5 0.0484087 25 -7.09295
5 0.0465244 25 5.81889
5 0.0682489 25 12.3433
5 0.0589544 25 24.0511
5 0.0737102 25 25.2434
5 0.0486202 25 25.5505
5 0.101948 25 29.9177
5 0.100469 25 32.2551
5 0.051379 25 41.6941
5 0.0566234 25 45.2641
5 0.0641164 25 48.621
5 0.0600751 25 48.7123
5 0.0816835 25 50.0001
Patch 
Superpoint 
1 0.0703622 5 8.53025
1 0.0950458 5 9.19212
1 0.0805073 5 9.26997
1 0.065604 5 10.4736
1 0.0499273 5 10.4851
1 0.0812834 5 10.7296
1 0.0912428 5 11.5102
1 0.101121 5 12.0575
1 0.0766526 5 13.7399
1 0.0582628 5 13.7722
1 0.0840595 5 15.465
1 0.0764831 5 18.2437
1 0.0442892 5 20.3723
1 0.0841468 5 20.4445
1 0.0774627 5 21.2259
1 0.0830226 5 22.0001
Superpoint 
2 0.10248 10 2.05059
2 0.0640337 10 4.0514
2 0.0546483 10 5.23171
2 0.0910687 10 5.25045
2 0.0715747 10 7.57758
2 0.0446955 10 7.7887
2 0.0776837 10 8.04063
2 0.0461465 10 8.68993
2 0.080593 10 8.83336
2 0.0939196 10 8.8588
2 0.0936603 10 11.6847
2 0.0516662 10 11.7754
2 0.0878483 10 13.1591
2 0.0845516 10 13.8506
2 0.0883824 10 14.8921
2 0.0843388 10 17.007
Superpoint 
3 0.0598438 15 -4.49016
3 0.0773501 15 -0.577646
3 0.0598023 15 -0.0204761
3 0.0820906 15 5.34882
3 0.0932154 15 7.62084
3 0.0635029 15 8.24995
3 0.0852012 15 10.6607
3 0.0672488 15 10.8864
3 0.0561511 15 10.9086
3 0.0466215 15 15.1803
3 0.0863077 15 15.4851
3 0.100743 15 17.6615
3 0.044534 15 18.0327
3 0.0843626 15 21.1077
3 0.089706 15 23.3828
3 0.0951801 15 24.0651
Superpoint 
4 0.0626657 20 -13.2856
4 0.0596698 20 -4.10025
4 0.0970042 20 1.67663
4 0.0770249 20 2.76622
4 0.0458076 20 4.07405
4 0.0662548 20 11.4942
4 0.0712828 20 15.812
4 0.0666192 20 16.9261
4 0.0472097 20 22.1618
4 0.0525234 20 26.5931
4 0.0655142 20 27.2632
4 0.065487 20 29.3199
4 0.0734202 20 30.8485
4 0.0839039 20 33.2158
4 0.0718384 20 33.9567
4 0.0807826 20 36.8544
Superpoint 
5 0.0563443 25 -21.5946
5 0.0713411 25 -14.9496
5 0.0477915 25 -13.9397
5 0.0560477 25 -7.89375
5 0.0484087 25 -7.09295
5 0.0465244 25 5.81889
5 0.0682489 25 12.3433
5 0.0589544 25 24.0511
5 0.0737102 25 25.2434
5 0.0486202 25 25.5505
5 0.101948 25 29.9177
5 0.100469 25 32.2551
5 0.051379 25 41.6941
5 0.0566234 25 45.2641
5 0.0641164 25 48.621
5 0.0600751 25 48.7123
Patch 
Superpoint 
1 0.0693455 5 3.27024
1 0.0610096 5 3.51685
1 0.0947213 5 3.99258
1 0.0929453 5 4.50825
1 0.0898369 5 4.54866
1 0.0866641 5 4.66072
1 0.0733441 5 4.80943
1 0.0804107 5 4.90114
1 0.100969 5 5.00155
1 0.0914959 5 6.62138
1 0.0691801 5 7.143
1 0.0460988 5 7.48975
1 0.100056 5 7.89703
1 0.0591189 5 8.00781
1 0.0477366 5 8.29428
1 0.0703622 5 8.53025
Superpoint 
2 0.0910687 10 5.25045
2 0.0715747 10 7.57758
2 0.0446955 10 7.7887
2 0.0776837 10 8.04063
2 0.0461465 10 8.68993
2 0.080593 10 8.83336
2 0.0939196 10 8.8588
2 0.0936603 10 11.6847
2 0.0516662 10 11.7754
2 0.0878483 10 13.1591
2 0.0845516 10 13.8506
2 0.0883824 10 14.8921
2 0.0843388 10 17.007
2 0.0905121 10 17.5543
2 0.0778209 10 18.246
2 0.0503383 10 19.7911
Superpoint 
3 0.0598023 15 -0.0204761
3 0.0820906 15 5.34882
3 0.0932154 15 7.62084
3 0.0635029 15 8.24995
3 0.0852012 15 10.6607
3 0.0672488 15 10.8864
3 0.0561511 15 10.9086
3 0.0466215 15 15.1803
3 0.0863077 15 15.4851
3 0.100743 15 17.6615
3 0.044534 15 18.0327
3 0.0843626 15 21.1077
3 0.089706 15 23.3828
3 0.0951801 15 24.0651
3 0.0938045 15 25.6508
3 0.0778558 15 29.3073
Superpoint 
4 0.0970042 20 1.67663
4 0.0770249 20 2.76622
4 0.0458076 20 4.07405
4 0.0662548 20 11.4942
4 0.0712828 20 15.812
4 0.0666192 20 16.9261
4 0.0472097 20 22.1618
4 0.0525234 20 26.5931
4 0.0655142 20 27.2632
4 0.065487 20 29.3199
4 0.0734202 20 30.8485
4 0.0839039 20 33.2158
4 0.0718384 20 33.9567
4 0.0807826 20 36.8544
4 0.100445 20 38.8594
4 0.0812115 20 40.6768
Superpoint 
5 0.0713411 25 -14.9496
5 0.0477915 25 -13.9397
5 0.0560477 25 -7.89375
5 0.0484087 25 -7.09295
5 0.0465244 25 5.81889
5 0.0682489 25 12.3433
5 0.0589544 25 24.0511
5 0.0737102 25 25.2434
5 0.0486202 25 25.5505
5 0.101948 25 29.9177
5 0.100469 25 32.2551
5 0.051379 25 41.6941
5 0.0566234 25 45.2641
5 0.0641164 25 48.621
5 0.0600751 25 48.7123
5 0.0816835 25 50.0001
Patch 
Superpoint 
1 0.0693455 5 3.27024
1 0.0610096 5 3.51685
1 0.0947213 5 3.99258
1 0.0929453 5 4.50825
1 0.0898369 5 4.54866
1 0.0866641 5 4.66072
1 0.0733441 5 4.80943
1 0.0804107 5 4.90114
1 0.100969 5 5.00155
1 0.0914959 5 6.62138
1 0.0691801 5 7.143
1 0.0460988 5 7.48975
1 0.100056 5 7.89703
1 0.0591189 5 8.00781
1 0.0477366 5 8.29428
1 0.0703622 5 8.53025
Superpoint 
2 0.0494832 10 -9.02892
2 0.0819818 10 -7.99653
2 0.0570101 10 -6.19203
2 0.092655 10 -5.82903
2 0.102996 10 -4.86581
2 0.0976985 10 -3.84711
2 0.0695327 10 -3.3094
2 0.0776441 10 -2.78975
2 0.0507639 10 -0.793613
2 0.075711 10 1.89688
2 0.10248 10 2.05059
2 0.0640337 10 4.0514
2 0.0546483 10 5.23171
2 0.0910687 10 5.25045
2 0.0715747 10 7.57758
2 0.0446955 10 7.7887
Superpoint 
3 0.0796798 15 -20.5572
3 0.0515837 15 -20.0704
3 0.0803234 15 -16.1673
3 0.0599206 15 -12.7275
3 0.0860473 15 -11.5696
3 0.0625401 15 -11.0784
3 0.0678363 15 -7.80615
3 0.0598438 15 -4.49016
3 0.0773501 15 -0.577646
3 0.0598023 15 -0.0204761
3 0.0820906 15 5.34882
3 0.0932154 15 7.62084
3 0.0635029 15 8.24995
3 0.0852012 15 10.6607
3 0.0672488 15 10.8864
3 0.0561511 15 10.9086
Superpoint 
4 0.0826028 20 -34.0752
4 0.0891829 20 -32.2265
4 0.0667981 20 -31.1621
4 0.102433 20 -31.0424
4 0.0593037 20 -28.3772
4 0.0442021 20 -25.8662
4 0.0652001 20 -24.7734
4 0.0720695 20 -15.807
4 0.0655558 20 -14.3992
4 0.0626657 20 -13.2856
4 0.0596698 20 -4.10025
4 0.0970042 20 1.67663
4 0.0770249 20 2.76622
4 0.0458076 20 4.07405
4 0.0662548 20 11.4942
4 0.0712828 20 15.812
Superpoint 
5 0.0907931 25 -44.9207
5 0.0899198 25 -39.6597
5 0.100108 25 -36.7826
5 0.0726932 25 -35.1218
5 0.0604711 25 -31.4461
5 0.0788766 25 -26.7308
5 0.0454333 25 -23.1844
5 0.0508759 25 -23.0923
5 0.0951908 25 -22.1951
5 0.0563443 25 -21.5946
5 0.0713411 25 -14.9496
5 0.0477915 25 -13.9397
5 0.0560477 25 -7.89375
5 0.0484087 25 -7.09295
5 0.0465244 25 5.81889
5 0.0682489 25 12.3433
Patch 
Superpoint 
1 0.0689201 5 -5.5889
1 0.0681883 5 -4.71398
1 0.0441996 5 -4.63263
1 0.0463748 5 -4.44565
1 0.0912765 5 -4.3527
1 0.0760007 5 -3.87957
1 0.0887467 5 -3.0864
1 0.0753561 5 -1.52318
1 0.0919063 5 -1.11208
1 0.0982602 5 -0.593691
1 0.0781789 5 -0.279246
1 0.0583106 5 0.235631
1 0.0470528 5 1.97148
1 0.101782 5 2.35008
1 0.101295 5 3.0213
1 0.0693455 5 3.27024
Superpoint 
2 0.10248 10 2.05059
2 0.0640337 10 4.0514
2 0.0546483 10 5.23171
2 0.0910687 10 5.25045
2 0.0715747 10 7.57758
2 0.0446955 10 7.7887
2 0.0776837 10 8.04063
2 0.0461465 10 8.68993
2 0.080593 10 8.83336
2 0.0939196 10 8.8588
2 0.0936603 10 11.6847
2 0.0516662 10 11.7754
2 0.0878483 10 13.1591
2 0.0845516 10 13.8506
2 0.0883824 10 14.8921
2 0.0843388 10 17.007
Superpoint 
3 0.0598023 15 -0.0204761
3 0.0820906 15 5.34882
3 0.0932154 15 7.62084
3 0.0635029 15 8.24995
3 0.0852012 15 10.6607
3 0.0672488 15 10.8864
3 0.0561511 15 10.9086
3 0.0466215 15 15.1803
3 0.0863077 15 15.4851
3 0.100743 15 17.6615
3 0.044534 15 18.0327
3 0.0843626 15 21.1077
3 0.089706 15 23.3828
3 0.0951801 15 24.0651
3 0.0938045 15 25.6508
3 0.0778558 15 29.3073
Superpoint 
4 0.0596698 20 -4.10025
4 0.0970042 20 1.67663
4 0.0770249 20 2.76622
4 0.0458076 20 4.07405
4 0.0662548 20 11.4942
4 0.0712828 20 15.812
4 0.0666192 20 16.9261
4 0.0472097 20 22.1618
4 0.0525234 20 26.5931
4 0.0655142 20 27.2632
4 0.065487 20 29.3199
4 0.0734202 20 30.8485
4 0.0839039 20 33.2158
4 0.0718384 20 33.9567
4 0.0807826 20 36.8544
4 0.100445 20 38.8594
Superpoint 
5 0.0713411 25 -14.9496
5 0.0477915 25 -13.9397
5 0.0560477 25 -7.89375
5 0.0484087 25 -7.09295
5 0.0465244 25 5.81889
5 0.0682489 25 12.3433
5 0.0589544 25 24.0511
5 0.0737102 25 25.2434
5 0.0486202 25 25.5505
5 0.101948 25 29.9177
5 0.100469 25 32.2551
5 0.051379 25 41.6941
5 0.0566234 25 45.2641
5 0.0641164 25 48.621
5 0.0600751 25 48.7123
5 0.0816835 25 50.0001
Patch 
Superpoint 
1 0.0689201 5 -5.5889
1 0.0681883 5 -4.71398
1 0.0441996 5 -4.63263
1 0.0463748 5 -4.44565
1 0.0912765 5 -4.3527
1 0.0760007 5 -3.87957
1 0.0887467 5 -3.0864
1 0.0753561 5 -1.52318
1 0.0919063 5 -1.11208
1 0.0982602 5 -0.593691
1 0.0781789 5 -0.279246
1 0.0583106 5 0.235631
1 0.0470528 5 1.97148
1 0.101782 5 2.35008
1 0.101295 5 3.0213
1 0.0693455 5 3.27024
Superpoint 
2 0.0715806 10 -12.3805
2 0.0805788 10 -11.6819
2 0.0653621 10 -11.5856
2 0.0700178 10 -10.882
2 0.092319 10 -10.7134
2 0.0494832 10 -9.02892
2 0.0819818 10 -7.99653
2 0.0570101 10 -6.19203
2 0.092655 10 -5.82903
2 0.102996 10 -4.86581
2 0.0976985 10 -3.84711
2 0.0695327 10 -3.3094
2 0.0776441 10 -2.78975
2 0.0507639 10 -0.793613
2 0.075711 10 1.89688
2 0.10248 10 2.05059
Superpoint 
3 0.0515837 15 -20.0704
3 0.0803234 15 -16.1673
3 0.0599206 15 -12.7275
3 0.0860473 15 -11.5696
3 0.0625401 15 -11.0784
3 0.0678363 15 -7.80615
3 0.0598438 15 -4.49016
3 0.0773501 15 -0.577646
3 0.0598023 15 -0.0204761
3 0.0820906 15 5.34882
3 0.0932154 15 7.62084
3 0.0635029 15 8.24995
3 0.0852012 15 10.6607
3 0.0672488 15 10.8864
3 0.0561511 15 10.9086
3 0.0466215 15 15.1803
Superpoint 
4 0.0442021 20 -25.8662
4 0.0652001 20 -24.7734
4 0.0720695 20 -15.807
4 0.0655558 20 -14.3992
4 0.0626657 20 -13.2856
4 0.0596698 20 -4.10025
4 0.0970042 20 1.67663
4 0.0770249 20 2.76622
4 0.0458076 20 4.07405
4 0.0662548 20 11.4942
4 0.0712828 20 15.812
4 0.0666192 20 16.9261
4 0.0472097 20 22.1618
4 0.0525234 20 26.5931
4 0.0655142 20 27.2632
4 0.065487 20 29.3199
Superpoint 
5 0.0726932 25 -35.1218
5 0.0604711 25 -31.4461
5 0.0788766 25 -26.7308
5 0.0454333 25 -23.1844
5 0.0508759 25 -23.0923
5 0.0951908 25 -22.1951
5 0.0563443 25 -21.5946
5 0.0713411 25 -14.9496
5 0.0477915 25 -13.9397
5 0.0560477 25 -7.89375
5 0.0484087 25 -7.09295
5 0.0465244 25 5.81889
5 0.0682489 25 12.3433
5 0.0589544 25 24.0511
5 0.0737102 25 25.2434
5 0.0486202 25 25.5505
Patch 
Superpoint 
1 0.0689201 5 -5.5889
1 0.0681883 5 -4.71398
1 0.0441996 5 -4.63263
1 0.0463748 5 -4.44565
1 0.0912765 5 -4.3527
1 0.0760007 5 -3.87957
1 0.0887467 5 -3.0864
1 0.0753561 5 -1.52318
1 0.0919063 5 -1.11208
1 0.0982602 5 -0.593691
1 0.0781789 5 -0.279246
1 0.0583106 5 0.235631
1 0.0470528 5 1.97148
1 0.101782 5 2.35008
1 0.101295 5 3.0213
1 0.0693455 5 3.27024
Superpoint 
2 0.089585 10 -16.4087
2 0.055294 10 -16.3712
2 0.0458681 10 -16.1571
2 0.0963062 10 -15.5245
2 0.0819077 10 -14.3635
2 0.101702 10 -13.7569
2 0.0715806 10 -12.3805
2 0.0805788 10 -11.6819
2 0.0653621 10 -11.5856
2 0.0700178 10 -10.882
2 0.092319 10 -10.7134
2 0.0494832 10 -9.02892
2 0.0819818 10 -7.99653
2 0.0570101 10 -6.19203
2 0.092655 10 -5.82903
2 0.102996 10 -4.86581
Superpoint 
3 0.0986117 15 -36.0001
3 0.0730344 15 -33.2872
3 0.0834665 15 -29.5124
3 0.100587 15 -26.5914
3 0.062155 15 -23.8292
3 0.10256 15 -23.6063
3 0.0679406 15 -22.1977
3 0.0796798 15 -20.5572
3 0.0515837 15 -20.0704
3 0.0803234 15 -16.1673
3 0.0599206 15 -12.7275
3 0.0860473 15 -11.5696
3 0.0625401 15 -11.0784
3 0.0678363 15 -7.80615
3 0.0598438 15 -4.49016
3 0.0773501 15 -0.577646
Superpoint 
4 0.0861055 20 -43.0001
4 0.0908523 20 -40.0069
4 0.0564558 20 -39.2242
4 0.0927345 20 -36.6879
4 0.0884517 20 -35.4252
4 0.0534122 20 -34.5655
4 0.0498989 20 -34.2908
4 0.0826028 20 -34.0752
4 0.0891829 20 -32.2265
4 0.0667981 20 -31.1621
4 0.102433 20 -31.0424
4 0.0593037 20 -28.3772
4 0.0442021 20 -25.8662
4 0.0652001 20 -24.7734
4 0.0720695 20 -15.807
4 0.0655558 20 -14.3992
Superpoint 
5 0.0816835 25 -50.0001
5 0.0546017 25 -49.6531
5 0.0488059 25 -48.9599
5 0.0722807 25 -48.6083
5 0.0907931 25 -44.9207
5 0.0899198 25 -39.6597
5 0.100108 25 -36.7826
5 0.0726932 25 -35.1218
5 0.0604711 25 -31.4461
5 0.0788766 25 -26.7308
5 0.0454333 25 -23.1844
5 0.0508759 25 -23.0923
5 0.0951908 25 -22.1951
5 0.0563443 25 -21.5946
5 0.0713411 25 -14.9496
5 0.0477915 25 -13.9397
Patch 
Superpoint 
1 0.0689201 5 -5.5889
1 0.0681883 5 -4.71398
1 0.0441996 5 -4.63263
1 0.0463748 5 -4.44565
1 0.0912765 5 -4.3527
1 0.0760007 5 -3.87957
1 0.0887467 5 -3.0864
1 0.0753561 5 -1.52318
1 0.0919063 5 -1.11208
1 0.0982602 5 -0.593691
1 0.0781789 5 -0.279246
1 0.0583106 5 0.235631
1 0.0470528 5 1.97148
1 0.101782 5 2.35008
1 0.101295 5 3.0213
1 0.0693455 5 3.27024
Superpoint 
2 0.0548939 10 -18.2073
2 0.089585 10 -16.4087
2 0.055294 10 -16.3712
2 0.0458681 10 -16.1571
2 0.0963062 10 -15.5245
2 0.0819077 10 -14.3635
2 0.101702 10 -13.7569
2 0.0715806 10 -12.3805
2 0.0805788 10 -11.6819
2 0.0653621 10 -11.5856
2 0.0700178 10 -10.882
2 0.092319 10 -10.7134
2 0.0494832 10 -9.02892
2 0.0819818 10 -7.99653
2 0.0570101 10 -6.19203
2 0.092655 10 -5.82903
Superpoint 
3 0.0834665 15 -29.5124
3 0.100587 15 -26.5914
3 0.062155 15 -23.8292
3 0.10256 15 -23.6063
3 0.0679406 15 -22.1977
3 0.0796798 15 -20.5572
3 0.0515837 15 -20.0704
3 0.0803234 15 -16.1673
3 0.0599206 15 -12.7275
3 0.0860473 15 -11.5696
3 0.0625401 15 -11.0784
3 0.0678363 15 -7.80615
3 0.0598438 15 -4.49016
3 0.0773501 15 -0.577646
3 0.0598023 15 -0.0204761
3 0.0820906 15 5.34882
Superpoint 
4 0.0564558 20 -39.2242
4 0.0927345 20 -36.6879
4 0.0884517 20 -35.4252
4 0.0534122 20 -34.5655
4 0.0498989 20 -34.2908
4 0.0826028 20 -34.0752
4 0.0891829 20 -32.2265
4 0.0667981 20 -31.1621
4 0.102433 20 -31.0424
4 0.0593037 20 -28.3772
4 0.0442021 20 -25.8662
4 0.0652001 20 -24.7734
4 0.0720695 20 -15.807
4 0.0655558 20 -14.3992
4 0.0626657 20 -13.2856
4 0.0596698 20 -4.10025
Superpoint 
5 0.0816835 25 -50.0001
5 0.0546017 25 -49.6531
5 0.0488059 25 -48.9599
5 0.0722807 25 -48.6083
5 0.0907931 25 -44.9207
5 0.0899198 25 -39.6597
5 0.100108 25 -36.7826
5 0.0726932 25 -35.1218
5 0.0604711 25 -31.4461
5 0.0788766 25 -26.7308
5 0.0454333 25 -23.1844
5 0.0508759 25 -23.0923
5 0.0951908 25 -22.1951
5 0.0563443 25 -21.5946
5 0.0713411 25 -14.9496
5 0.0477915 25 -13.9397
Patch 
Superpoint 
1 0.0543338 5 -10.5617
1 0.0823824 5 -9.88732
1 0.0470791 5 -9.8522
1 0.0657235 5 -9.15516
1 0.0884014 5 -8.0079
1 0.0459693 5 -7.77094
1 0.0619465 5 -7.19677
1 0.0475776 5 -7.13771
1 0.0826821 5 -6.91258
1 0.0934562 5 -6.39424
1 0.0681147 5 -6.31601
1 0.0661319 5 -6.1549
1 0.090089 5 -6.02097
1 0.0455314 5 -5.97485
1 0.0477271 5 -5.84532
1 0.0689201 5 -5.5889
Superpoint 
2 0.0805788 10 -11.6819
2 0.0653621 10 -11.5856
2 0.0700178 10 -10.882
2 0.092319 10 -10.7134
2 0.0494832 10 -9.02892
2 0.0819818 10 -7.99653
2 0.0570101 10 -6.19203
2 0.092655 10 -5.82903
2 0.102996 10 -4.86581
2 0.0976985 10 -3.84711
2 0.0695327 10 -3.3094
2 0.0776441 10 -2.78975
2 0.0507639 10 -0.793613
2 0.075711 10 1.89688
2 0.10248 10 2.05059
2 0.0640337 10 4.0514
Superpoint 
3 0.0515837 15 -20.0704
3 0.0803234 15 -16.1673
3 0.0599206 15 -12.7275
3 0.0860473 15 -11.5696
3 0.0625401 15 -11.0784
3 0.0678363 15 -7.80615
3 0.0598438 15 -4.49016
3 0.0773501 15 -0.577646
3 0.0598023 15 -0.0204761
3 0.0820906 15 5.34882
3 0.0932154 15 7.62084
3 0.0635029 15 8.24995
3 0.0852012 15 10.6607
3 0.0672488 15 10.8864
3 0.0561511 15 10.9086
3 0.0466215 15 15.1803
Superpoint 
4 0.102433 20 -31.0424
4 0.0593037 20 -28.3772
4 0.0442021 20 -25.8662
4 0.0652001 20 -24.7734
4 0.0720695 20 -15.807
4 0.0655558 20 -14.3992
4 0.0626657 20 -13.2856
4 0.0596698 20 -4.10025
4 0.0970042 20 1.67663
4 0.0770249 20 2.76622
4 0.0458076 20 4.07405
4 0.0662548 20 11.4942
4 0.0712828 20 15.812
4 0.0666192 20 16.9261
4 0.0472097 20 22.1618
4 0.0525234 20 26.5931
Superpoint 
5 0.0788766 25 -26.7308
5 0.0454333 25 -23.1844
5 0.0508759 25 -23.0923
5 0.0951908 25 -22.1951
5 0.0563443 25 -21.5946
5 0.0713411 25 -14.9496
5 0.0477915 25 -13.9397
5 0.0560477 25 -7.89375
5 0.0484087 25 -7.09295
5 0.0465244 25 5.81889
5 0.0682489 25 12.3433
5 0.0589544 25 24.0511
5 0.0737102 25 25.2434
5 0.0486202 25 25.5505
5 0.101948 25 29.9177
5 0.100469 25 32.2551
Patch 
Superpoint 
1 0.0543338 5 -10.5617
1 0.0823824 5 -9.88732
1 0.0470791 5 -9.8522
1 0.0657235 5 -9.15516
1 0.0884014 5 -8.0079
1 0.0459693 5 -7.77094
1 0.0619465 5 -7.19677
1 0.0475776 5 -7.13771
1 0.0826821 5 -6.91258
1 0.0934562 5 -6.39424
1 0.0681147 5 -6.31601
1 0.0661319 5 -6.1549
1 0.090089 5 -6.02097
1 0.0455314 5 -5.97485
1 0.0477271 5 -5.84532
1 0.0689201 5 -5.5889
Superpoint 
2 0.0556077 10 -20.4352
2 0.0824073 10 -18.4108
2 0.0548939 10 -18.2073
2 0.089585 10 -16.4087
2 0.055294 10 -16.3712
2 0.0458681 10 -16.1571
2 0.0963062 10 -15.5245
2 0.0819077 10 -14.3635
2 0.101702 10 -13.7569
2 0.0715806 10 -12.3805
2 0.0805788 10 -11.6819
2 0.0653621 10 -11.5856
2 0.0700178 10 -10.882
2 0.092319 10 -10.7134
2 0.0494832 10 -9.02892
2 0.0819818 10 -7.99653
Superpoint 
3 0.0730344 15 -33.2872
3 0.0834665 15 -29.5124
3 0.100587 15 -26.5914
3 0.062155 15 -23.8292
3 0.10256 15 -23.6063
3 0.0679406 15 -22.1977
3 0.0796798 15 -20.5572
3 0.0515837 15 -20.0704
3 0.0803234 15 -16.1673
3 0.0599206 15 -12.7275
3 0.0860473 15 -11.5696
3 0.0625401 15 -11.0784
3 0.0678363 15 -7.80615
3 0.0598438 15 -4.49016
3 0.0773501 15 -0.577646
3 0.0598023 15 -0.0204761
Superpoint 
4 0.0908523 20 -40.0069
4 0.0564558 20 -39.2242
4 0.0927345 20 -36.6879
4 0.0884517 20 -35.4252
4 0.0534122 20 -34.5655
4 0.0498989 20 -34.2908
4 0.0826028 20 -34.0752
4 0.0891829 20 -32.2265
4 0.0667981 20 -31.1621
4 0.102433 20 -31.0424
4 0.0593037 20 -28.3772
4 0.0442021 20 -25.8662
4 0.0652001 20 -24.7734
4 0.0720695 20 -15.807
4 0.0655558 20 -14.3992
4 0.0626657 20 -13.2856
Superpoint 
5 0.0546017 25 -49.6531
5 0.0488059 25 -48.9599
5 0.0722807 25 -48.6083
5 0.0907931 25 -44.9207
5 0.0899198 25 -39.6597
5 0.100108 25 -36.7826
5 0.0726932 25 -35.1218
5 0.0604711 25 -31.4461
5 0.0788766 25 -26.7308
5 0.0454333 25 -23.1844
5 0.0508759 25 -23.0923
5 0.0951908 25 -22.1951
5 0.0563443 25 -21.5946
5 0.0713411 25 -14.9496
5 0.0477915 25 -13.9397
5 0.0560477 25 -7.89375
Patch 
Superpoint 
1 0.0543338 5 -10.5617
1 0.0823824 5 -9.88732
1 0.0470791 5 -9.8522
1 0.0657235 5 -9.15516
1 0.0884014 5 -8.0079
1 0.0459693 5 -7.77094
1 0.0619465 5 -7.19677
1 0.0475776 5 -7.13771
1 0.0826821 5 -6.91258
1 0.0934562 5 -6.39424
1 0.0681147 5 -6.31601
1 0.0661319 5 -6.1549
1 0.090089 5 -6.02097
1 0.0455314 5 -5.97485
1 0.0477271 5 -5.84532
1 0.0689201 5 -5.5889
Superpoint 
2 0.047648 10 -29.0001
2 0.0892642 10 -28.8841
2 0.103788 10 -26.2926
2 0.0489827 10 -25.8016
2 0.0463261 10 -25.3633
2 0.0709306 10 -22.201
2 0.10327 10 -21.7855
2 0.0556077 10 -20.4352
2 0.0824073 10 -18.4108
2 0.0548939 10 -18.2073
2 0.089585 10 -16.4087
2 0.055294 10 -16.3712
2 0.0458681 10 -16.1571
2 0.0963062 10 -15.5245
2 0.0819077 10 -14.3635
2 0.101702 10 -13.7569
Superpoint 
3 0.0986117 15 -36.0001
3 0.0730344 15 -33.2872
3 0.0834665 15 -29.5124
3 0.100587 15 -26.5914
3 0.062155 15 -23.8292
3 0.10256 15 -23.6063
3 0.0679406 15 -22.1977
3 0.0796798 15 -20.5572
3 0.0515837 15 -20.0704
3 0.0803234 15 -16.1673
3 0.0599206 15 -12.7275
3 0.0860473 15 -11.5696
3 0.0625401 15 -11.0784
3 0.0678363 15 -7.80615
3 0.0598438 15 -4.49016
3 0.0773501 15 -0.577646
Superpoint 
4 0.0861055 20 -43.0001
4 0.0908523 20 -40.0069
4 0.0564558 20 -39.2242
4 0.0927345 20 -36.6879
4 0.0884517 20 -35.4252
4 0.0534122 20 -34.5655
4 0.0498989 20 -34.2908
4 0.0826028 20 -34.0752
4 0.0891829 20 -32.2265
4 0.0667981 20 -31.1621
4 0.102433 20 -31.0424
4 0.0593037 20 -28.3772
4 0.0442021 20 -25.8662
4 0.0652001 20 -24.7734
4 0.0720695 20 -15.807
4 0.0655558 20 -14.3992
Superpoint 
5 0.0816835 25 -50.0001
5 0.0546017 25 -49.6531
5 0.0488059 25 -48.9599
5 0.0722807 25 -48.6083
5 0.0907931 25 -44.9207
5 0.0899198 25 -39.6597
5 0.100108 25 -36.7826
5 0.0726932 25 -35.1218
5 0.0604711 25 -31.4461
5 0.0788766 25 -26.7308
5 0.0454333 25 -23.1844
5 0.0508759 25 -23.0923
5 0.0951908 25 -22.1951
5 0.0563443 25 -21.5946
5 0.0713411 25 -14.9496
5 0.0477915 25 -13.9397
Patch 
Superpoint 
1 0.0741562 5 -19.4299
1 0.103824 5 -19.1649
1 0.0917101 5 -18.6482
1 0.0477367 5 -18.4352
1 0.0730419 5 -18.0022
1 0.0496919 5 -17.7977
1 0.0493906 5 -17.3184
1 0.0785242 5 -16.9479
1 0.0904354 5 -15.5269
1 0.077523 5 -15.2016
1 0.05082 5 -14.4982
1 0.074058 5 -13.4404
1 0.052977 5 -12.9758
1 0.0959416 5 -12.4953
1 0.0846762 5 -11.7027
1 0.0543338 5 -10.5617
Superpoint 
2 0.0548939 10 -18.2073
2 0.089585 10 -16.4087
2 0.055294 10 -16.3712
2 0.0458681 10 -16.1571
2 0.0963062 10 -15.5245
2 0.0819077 10 -14.3635
2 0.101702 10 -13.7569
2 0.0715806 10 -12.3805
2 0.0805788 10 -11.6819
2 0.0653621 10 -11.5856
2 0.0700178 10 -10.882
2 0.092319 10 -10.7134
2 0.0494832 10 -9.02892
2 0.0819818 10 -7.99653
2 0.0570101 10 -6.19203
2 0.092655 10 -5.82903
Superpoint 
3 0.0986117 15 -36.0001
3 0.0730344 15 -33.2872
3 0.0834665 15 -29.5124
3 0.100587 15 -26.5914
3 0.062155 15 -23.8292
3 0.10256 15 -23.6063
3 0.0679406 15 -22.1977
3 0.0796798 15 -20.5572
3 0.0515837 15 -20.0704
3 0.0803234 15 -16.1673
3 0.0599206 15 -12.7275
3 0.0860473 15 -11.5696
3 0.0625401 15 -11.0784
3 0.0678363 15 -7.80615
3 0.0598438 15 -4.49016
3 0.0773501 15 -0.577646
Superpoint 
4 0.0884517 20 -35.4252
4 0.0534122 20 -34.5655
4 0.0498989 20 -34.2908
4 0.0826028 20 -34.0752
4 0.0891829 20 -32.2265
4 0.0667981 20 -31.1621
4 0.102433 20 -31.0424
4 0.0593037 20 -28.3772
4 0.0442021 20 -25.8662
4 0.0652001 20 -24.7734
4 0.0720695 20 -15.807
4 0.0655558 20 -14.3992
4 0.0626657 20 -13.2856
4 0.0596698 20 -4.10025
4 0.0970042 20 1.67663
4 0.0770249 20 2.76622
Superpoint 
5 0.0907931 25 -44.9207
5 0.0899198 25 -39.6597
5 0.100108 25 -36.7826
5 0.0726932 25 -35.1218
5 0.0604711 25 -31.4461
5 0.0788766 25 -26.7308
5 0.0454333 25 -23.1844
5 0.0508759 25 -23.0923
5 0.0951908 25 -22.1951
5 0.0563443 25 -21.5946
5 0.0713411 25 -14.9496
5 0.0477915 25 -13.9397
5 0.0560477 25 -7.89375
5 0.0484087 25 -7.09295
5 0.0465244 25 5.81889
5 0.0682489 25 12.3433
Patch 
Superpoint 
1 0.0741562 5 -19.4299
1 0.103824 5 -19.1649
1 0.0917101 5 -18.6482
1 0.0477367 5 -18.4352
1 0.0730419 5 -18.0022
1 0.0496919 5 -17.7977
1 0.0493906 5 -17.3184
1 0.0785242 5 -16.9479
1 0.0904354 5 -15.5269
1 0.077523 5 -15.2016
1 0.05082 5 -14.4982
1 0.074058 5 -13.4404
1 0.052977 5 -12.9758
1 0.0959416 5 -12.4953
1 0.0846762 5 -11.7027
1 0.0543338 5 -10.5617
Superpoint 
2 0.0892642 10 -28.8841
2 0.103788 10 -26.2926
2 0.0489827 10 -25.8016
2 0.0463261 10 -25.3633
2 0.0709306 10 -22.201
2 0.10327 10 -21.7855
2 0.0556077 10 -20.4352
2 0.0824073 10 -18.4108
2 0.0548939 10 -18.2073
2 0.089585 10 -16.4087
2 0.055294 10 -16.3712
2 0.0458681 10 -16.1571
2 0.0963062 10 -15.5245
2 0.0819077 10 -14.3635
2 0.101702 10 -13.7569
2 0.0715806 10 -12.3805
Superpoint 
3 0.0986117 15 -36.0001
3 0.0730344 15 -33.2872
3 0.0834665 15 -29.5124
3 0.100587 15 -26.5914
3 0.062155 15 -23.8292
3 0.10256 15 -23.6063
3 0.0679406 15 -22.1977
3 0.0796798 15 -20.5572
3 0.0515837 15 -20.0704
3 0.0803234 15 -16.1673
3 0.0599206 15 -12.7275
3 0.0860473 15 -11.5696
3 0.0625401 15 -11.0784
3 0.0678363 15 -7.80615
3 0.0598438 15 -4.49016
3 0.0773501 15 -0.577646
Superpoint 
4 0.0861055 20 -43.0001
4 0.0908523 20 -40.0069
4 0.0564558 20 -39.2242
4 0.0927345 20 -36.6879
4 0.0884517 20 -35.4252
4 0.0534122 20 -34.5655
4 0.0498989 20 -34.2908
4 0.0826028 20 -34.0752
4 0.0891829 20 -32.2265
4 0.0667981 20 -31.1621
4 0.102433 20 -31.0424
4 0.0593037 20 -28.3772
4 0.0442021 20 -25.8662
4 0.0652001 20 -24.7734
4 0.0720695 20 -15.807
4 0.0655558 20 -14.3992
Superpoint 
5 0.0816835 25 -50.0001
5 0.0546017 25 -49.6531
5 0.0488059 25 -48.9599
5 0.0722807 25 -48.6083
5 0.0907931 25 -44.9207
5 0.0899198 25 -39.6597
5 0.100108 25 -36.7826
5 0.0726932 25 -35.1218
5 0.0604711 25 -31.4461
5 0.0788766 25 -26.7308
5 0.0454333 25 -23.1844
5 0.0508759 25 -23.0923
5 0.0951908 25 -22.1951
5 0.0563443 25 -21.5946
5 0.0713411 25 -14.9496
5 0.0477915 25 -13.9397
Patch 
Superpoint 
1 0.0830226 5 -22.0001
1 0.0494012 5 -21.7641
1 0.0823814 5 -21.2434
1 0.0457372 5 -20.5121
1 0.0741562 5 -19.4299
1 0.103824 5 -19.1649
1 0.0917101 5 -18.6482
1 0.0477367 5 -18.4352
1 0.0730419 5 -18.0022
1 0.0496919 5 -17.7977
1 0.0493906 5 -17.3184
1 0.0785242 5 -16.9479
1 0.0904354 5 -15.5269
1 0.077523 5 -15.2016
1 0.05082 5 -14.4982
1 0.074058 5 -13.4404
Superpoint 
2 0.047648 10 -29.0001
2 0.0892642 10 -28.8841
2 0.103788 10 -26.2926
2 0.0489827 10 -25.8016
2 0.0463261 10 -25.3633
2 0.0709306 10 -22.201
2 0.10327 10 -21.7855
2 0.0556077 10 -20.4352
2 0.0824073 10 -18.4108
2 0.0548939 10 -18.2073
2 0.089585 10 -16.4087
2 0.055294 10 -16.3712
2 0.0458681 10 -16.1571
2 0.0963062 10 -15.5245
2 0.0819077 10 -14.3635
2 0.101702 10 -13.7569
Superpoint 
3 0.0986117 15 -36.0001
3 0.0730344 15 -33.2872
3 0.0834665 15 -29.5124
3 0.100587 15 -26.5914
3 0.062155 15 -23.8292
3 0.10256 15 -23.6063
3 0.0679406 15 -22.1977
3 0.0796798 15 -20.5572
3 0.0515837 15 -20.0704
3 0.0803234 15 -16.1673
3 0.0599206 15 -12.7275
3 0.0860473 15 -11.5696
3 0.0625401 15 -11.0784
3 0.0678363 15 -7.80615
3 0.0598438 15 -4.49016
3 0.0773501 15 -0.577646
Superpoint 
4 0.0861055 20 -43.0001
4 0.0908523 20 -40.0069
4 0.0564558 20 -39.2242
4 0.0927345 20 -36.6879
4 0.0884517 20 -35.4252
4 0.0534122 20 -34.5655
4 0.0498989 20 -34.2908
4 0.0826028 20 -34.0752
4 0.0891829 20 -32.2265
4 0.0667981 20 -31.1621
4 0.102433 20 -31.0424
4 0.0593037 20 -28.3772
4 0.0442021 20 -25.8662
4 0.0652001 20 -24.7734
4 0.0720695 20 -15.807
4 0.0655558 20 -14.3992
Superpoint 
5 0.0816835 25 -50.0001
5 0.0546017 25 -49.6531
5 0.0488059 25 -48.9599
5 0.0722807 25 -48.6083
5 0.0907931 25 -44.9207
5 0.0899198 25 -39.6597
5 0.100108 25 -36.7826
5 0.0726932 25 -35.1218
5 0.0604711 25 -31.4461
5 0.0788766 25 -26.7308
5 0.0454333 25 -23.1844
5 0.0508759 25 -23.0923
5 0.0951908 25 -22.1951
5 0.0563443 25 -21.5946
5 0.0713411 25 -14.9496
5 0.0477915 25 -13.9397
['8.53025', '50.00010']
['22.00010', '50.00010']
['8.53025', '21.51085']
['22.00010', '-0.22730']

['8.53025', '39.59995']
['22.00010', '2.02770']
['8.53025', '-17.38839']
['22.00010', '-21.59460']

['3.27024', '50.00010']
['8.53025', '50.00010']
['3.27024', '11.19108']
['8.53025', '-0.60791']

['3.27024', '12.34330']
['8.53025', '5.56405']
['3.27024', '-44.38464']
['8.53025', '-44.92070']

['-5.58890', '50.00010']
['3.27024', '50.00010']
['-5.58890', '24.96906']
['3.27024', '-1.60836']

['-5.58890', '24.96906']
['3.27024', '-1.60836']
['-5.58890', '-32.62530']
['3.27024', '-35.12180']

['-5.58890', '-17.33597']
['3.27024', '-29.27396']
['-5.58890', '-48.86810']
['3.27024', '-50.00010']

['-5.58890', '-13.93970']
['3.27024', '-33.12684']
['-5.58890', '-50.00010']
['3.27024', '-50.00010']

['-10.56170', '32.25510']
['-5.58890', '32.25510']
['-10.56170', '-15.04250']
['-5.58890', '-26.73080']

['-10.56170', '-14.19357']
['-5.58890', '-15.85117']
['-10.56170', '-49.65310']
['-5.58890', '-49.65310']

['-10.56170', '-23.34250']
['-5.58890', '-38.26090']
['-10.56170', '-50.00010']
['-5.58890', '-50.00010']

['-19.42990', '10.16493']
['-10.56170', '7.20886']
['-19.42990', '-14.53950']
['-10.56170', '-41.14410']

['-19.42990', '-13.93970']
['-10.56170', '-17.83690']
['-19.42990', '-50.00010']
['-10.56170', '-50.00010']

['-22.00010', '-13.93970']
['-13.44040', '-14.71880']
['-22.00010', '-50.00010']
['-13.44040', '-50.00010']

